50 (4, 16, 20) 0.517208413001912 3.0
50 (4, 16, 16, 20) 0.4574569789674952 3.5
50 (4, 16, 16, 16, 20) 0.4588910133843212 2.5
50 (4, 16, 16, 16, 16, 20) 0.45650095602294455 2.5
50 (4, 16, 16, 16, 16, 16, 20) 0.46892925430210325 3.25
100 (4, 16, 20) 0.43355640535372847 2.5
100 (4, 16, 16, 20) 0.4445506692160612 3.25
100 (4, 16, 16, 16, 20) 0.4483747609942639 3.5
100 (4, 16, 16, 16, 16, 20) 0.47944550669216063 3.25
100 (4, 16, 16, 16, 16, 16, 20) 0.4588910133843212 3.25
150 (4, 16, 20) 0.45076481835564053 3.5
150 (4, 16, 16, 20) 0.4421606118546845 3.0
150 (4, 16, 16, 16, 20) 0.4469407265774379 3.25
150 (4, 16, 16, 16, 16, 20) 0.46319311663479923 2.5
150 (4, 16, 16, 16, 16, 16, 20) 0.4545889101338432 3.5
50 (4, 32, 20) 0.4598470363288719 2.5
50 (4, 32, 32, 20) 0.4818355640535373 2.5
50 (4, 32, 32, 32, 20) 0.4608030592734226 3.25
50 (4, 32, 32, 32, 32, 20) 0.4435946462715105 3.25
50 (4, 32, 32, 32, 32, 32, 20) 0.494263862332696 2.5
100 (4, 32, 20) 0.48661567877629064 3.5
100 (4, 32, 32, 20) 0.48422562141491393 3.0
100 (4, 32, 32, 32, 20) 0.46223709369024857 2.5
100 (4, 32, 32, 32, 32, 20) 0.5387189292543021 2.5
100 (4, 32, 32, 32, 32, 32, 20) 0.48279158699808794 3.0
150 (4, 32, 20) 0.4608030592734226 3.5
150 (4, 32, 32, 20) 0.48422562141491393 3.0
150 (4, 32, 32, 32, 20) 0.4326003824091778 3.0
150 (4, 32, 32, 32, 32, 20) 0.47466539196940727 3.0
150 (4, 32, 32, 32, 32, 32, 20) 0.4823135755258126 3.5
50 (4, 64, 20) 0.47179732313575523 2.5
50 (4, 64, 64, 20) 0.4818355640535373 3.0
50 (4, 64, 64, 64, 20) 0.4737093690248566 2.5
50 (4, 64, 64, 64, 64, 20) 0.46175908221797324 3.25
50 (4, 64, 64, 64, 64, 64, 20) 0.4416826003824092 3.0
100 (4, 64, 20) 0.46606118546845127 3.0
100 (4, 64, 64, 20) 0.47609942638623326 2.5
100 (4, 64, 64, 64, 20) 0.4326003824091778 3.25
100 (4, 64, 64, 64, 64, 20) 0.4837476099426386 2.5
100 (4, 64, 64, 64, 64, 64, 20) 0.5038240917782026 3.25
150 (4, 64, 20) 0.47753346080305925 2.5
150 (4, 64, 64, 20) 0.4679732313575526 3.0
150 (4, 64, 64, 64, 20) 0.5095602294455067 3.25
150 (4, 64, 64, 64, 64, 20) 0.49378585086042065 3.25
150 (4, 64, 64, 64, 64, 64, 20) 0.5463671128107075 3.25
50 (4, 128, 20) 0.4904397705544933 2.5
50 (4, 128, 128, 20) 0.4765774378585086 3.0
50 (4, 128, 128, 128, 20) 0.5119502868068834 3.25
50 (4, 128, 128, 128, 128, 20) 0.43021032504780116 3.25
50 (4, 128, 128, 128, 128, 128, 20) 0.5066921606118547 3.25
100 (4, 128, 20) 0.47992351816443596 3.0
100 (4, 128, 128, 20) 0.47753346080305925 3.25
100 (4, 128, 128, 128, 20) 0.4980879541108987 3.25
100 (4, 128, 128, 128, 128, 20) 0.5425430210325047 3.25
100 (4, 128, 128, 128, 128, 128, 20) 0.5076481835564054 3.25
150 (4, 128, 20) 0.45841300191204587 2.5
150 (4, 128, 128, 20) 0.5406309751434034 3.25
150 (4, 128, 128, 128, 20) 0.5243785850860421 3.0
150 (4, 128, 128, 128, 128, 20) 0.5200764818355641 3.25
150 (4, 128, 128, 128, 128, 128, 20) 0.5239005736137667 2.5